49|360|2022. 07. 07. 12:03:29|2022. 07. 07. 12:10:29
30|266|2022. 07. 07. 12:11:29|2022. 07. 07. 12:14:29
33|805|2022. 07. 07. 12:11:29|2022. 07. 07. 12:19:29
2|896|2022. 07. 07. 12:14:29|2022. 07. 07. 12:17:29
13|651|2022. 07. 07. 12:02:29|2022. 07. 07. 12:10:29
5|472|2022. 07. 07. 12:06:29|2022. 07. 07. 12:12:29
38|285|2022. 07. 07. 12:02:29|2022. 07. 07. 12:13:29
26|770|2022. 07. 07. 12:12:29|2022. 07. 07. 12:17:29
40|433|2022. 07. 07. 12:08:29|2022. 07. 07. 12:15:29
11|799|2022. 07. 07. 12:01:29|2022. 07. 07. 12:16:29
